[01,01], {00000}, NAN  
[01,02], {00060}, Catfish  
[01,03], {00020}, Dogana  
[01,04], {00020}, Batons  
[01,05], {00045}, 1  
[01,06], {00076}, 2  
[01,07], {00052}, 3  
[01,08], {00037}, 4  
[01,09], {00081}, 5  
[01,10], {00063}, 6  
[01,11], {00048}, 7  
[01,12], {00000}, NAN  
[02,01], {00050}, 8  
[02,02], {00020}, Rations for US Army  
[02,03], {00039}, 9  
[02,04], {00055}, 10  
[02,05], {00074}, 11  
[02,06], {00061}, 12  
[02,07], {00087}, 13  
[02,08], {00029}, 14  
[02,09], {00073}, 15  
[02,10], {00084}, 16  
[02,11], {00049}, 17  
[02,12], {00094}, 18  
[03,01], {00042}, 19  
[03,02], {00065}, 20  
[03,03], {00059}, 21  
[03,04], {00077}, 22  
[03,05], {00033}, 23  
[03,06], {00082}, 24  
[03,07], {00091}, 25  
[03,08], {00058}, 26  
[03,09], {00066}, 27  
[03,10], {00072}, 28  
[03,11], {00085}, 29  
[03,12], {00090}, 30  
[04,01], {00031}, 31  
[04,02], {00079}, 32  
[04,03], {00056}, 33  
[04,04], {00067}, 34  
[04,05], {00041}, 35  
[04,06], {00088}, 36  
[04,07], {00038}, 37  
[04,08], {00043}, 38  
[04,09], {00069}, 39  
[04,10], {00062}, 40  
[04,11], {00046}, 41  
[04,12], {00040}, 42  
[05,01], {00030}, 43  
[05,02], {00092}, 44  
[05,03], {00070}, 45  
[05,04], {00044}, 46  
[05,05], {00083}, 47  
[05,06], {00068}, 48  
[05,07], {00057}, 49  
[05,08], {00034}, 50  
[05,09], {00089}, 51  
[05,10], {00050}, 52  
[05,11], {00060}, 53  
[05,12], {00054}, 54  
[06,01], {00032}, 55  
[06,02], {00078}, 56  
[06,03], {00064}, 57  
[06,04], {00035}, 58  
[06,05], {00053}, 59  
[06,06], {00047}, 60  
[06,07], {00085}, 61  
[06,08], {00045}, 62  
[06,09], {00090}, 63  
[06,10], {00075}, 64  
[06,11], {00051}, 65  
[06,12], {00096}, 66  
[07,01], {00038}, 67  
[07,02], {00077}, 68  
[07,03], {00048}, 69  
[07,04], {00036}, 70  
[07,05], {00093}, 71  
[07,06], {00055}, 72  
[07,07], {00041}, 73  
[07,08], {00079}, 74  
[07,09], {00052}, 75  
[07,10], {00034}, 76  
[07,11], {00046}, 77  
[07,12], {00063}, 78  
[08,01], {00066}, 79  
[08,02], {00043}, 80  
[08,03], {00059}, 81  
[08,04], {00084}, 82  
[08,05], {00067}, 83  
[08,06], {00039}, 84  
[08,07], {00050}, 85  
[08,08], {00073}, 86  
[08,09], {00056}, 87  
[08,10], {00091}, 88  
[08,11], {00078}, 89  
[08,12], {00042}, 90